110ιο 01 1101000000

AEn. xi. 641 Lucreti»,
111143 10111100
461
606 1001000,
(1001. 1 146 1001001010,
Εῐι 111. 661 Lympham,
8641101101οι1,
666 Luperci,
641 hyonam,

T¹¹²·

0110110,
11110 1011,

,111

6
¹2

realia-Lyco, 000 01 6101060
m, iv. 10 Lydfflgfflu-
001110 00 1101100,
ι, 110111. 66
0, 1. ·16 hum,
1111. 11
0011111181 Imm·
606
11161
1110111. 446 11010111,
0001ω11. 168 Myrtus,
AEm 11 601 nm,
vii. 661 110101,
101, (1001101666 1111100,
664 uanum,
644 1101100,
Ena. 144 Mars,
1111. 646
(100111. 611
Am 6 Minerva,
666 111010,
606 1100001001,
. 11 40
661
111011. 666
6011. 16 Melicertes,
1sTibris, AEmii. 186 1101110,
rgo iii 14 1100010011,
1110, 614 110101,
am, 461
111666 11011001,
111106
11 61

01,

10,
01100,
nus,

68,
1110,

nium,

0010,
obscura,
0001600,
,·110 0111100110, 1.141 11110000,
am, 660 11100110,
ι, 010 Molossus,
1110100, 668 Melampus,
1111111110, 686 Melissa,
600 11000110,

Apollinares, 11. 10 Mycena,
101000001100, 661

1101. 11. 4 11010001 0010111,

amia, 111011 441 110000οη16000,

666 Memnon,
146 110000,
108 11 1110160000,

01,

11.

1110. 111. 166
(1661.“ 11. 168 Metium

011.-

11011646 1100000 11011601-
vii. 4611011001ιοί0 111666
0111611181]θῆ 10661
„L ⁶3 11146

w ι 66

1111. 846 Mauritania, 11. 606
646 11100010ιηί110, 616
644 1101001010, 866
0001101111, -010
166 1. 166

ιι. 868 11100001,

111666 11000,
ix. 666 Minos,
ι 166 ·
186 Minotaurus,

xi. 101 1100011610,

0166 14100001,

11. 666 1101000160 fumet,
110101οι0001,
1101101000,

110111. 61 numum,
64 11001100101100,
111. 66 1101001100,
111 60
11. 44
1110 11010000,
1116 21 11100010
41 110110,
x. 44 1101001 1111160111,
h 111. 16 1100001100,
11111
(10011 16
1110.” 11. 111
Geor. 1. 136 11ωουῆ
Εο.” 111. 601
1. 668 xii. 6
xii. 646 11100100111666
(100111. 461 Marrubium
11. 166 1111111111, 811
146 110000 00000110, 1111 664
ix. 646
viii. 646
666
161 “

660
11. 11
60
481
61
00.
164
11. 116
11 810
186
m
xl. 666
11. 601
168
866
m
868
111. 811
816
866

608
048

1111. 466
x. 11
606

111 661
ι 664

161 11000010,

Em 168 11001100,
601 1101101,

646 1101010100, (1001.” 01. 16 11001οΔ000110, ix. 618

600 11100100,
646 110000010010011011 666
406 1101οο1610, 106
660 1110000110 ductor 666
11. 160 Hanlpli, 810

811 1101101 11011100, 111606
11101. 664 110110, 600

11668 1100001, 661

1. {g} Murali 10100010, 661

488
166
11. 1 Nympho,

11600

 

